Year	TerrYr	Terr	n	Tract	Include	ContinuityNum
1988	009488	0094	5	Demo	TRUE	1
1988	014488	0144	2	Demo	TRUE	1
1988	002388	0023	5	Demo	TRUE	1
1988	002688	0026	5	Demo	TRUE	1
1988	007088	0070	5	Demo	TRUE	1
1988	009388	0093	6	Demo	TRUE	1
1988	002288	0022	7	Demo	TRUE	1
1988	043488	0434	2	Demo	TRUE	1
1988	013088	0130	2	Demo	TRUE	1
1988	011788	0117	5	Demo	TRUE	1
1988	008788	0087	5	Demo	TRUE	1
1988	007188	0071	2	Demo	TRUE	1
1988	005788	0057	5	Demo	TRUE	1
1988	006388	0063	10	Demo	TRUE	1
1988	007688	0076	5	Demo	TRUE	1
1988	010388	0103	6	Demo	TRUE	1
1988	012988	0129	3	Demo	TRUE	1
1988	010488	0104	7	Demo	TRUE	1
1988	008288	0082	2	Demo	TRUE	1
1988	012488	0124	5	Demo	TRUE	1
1988	008988	0089	6	Demo	TRUE	1
1988	003488	0034	4	Demo	TRUE	1
1988	020488	0204	2	Demo	TRUE	1
1988	011088	0110	2	Demo	TRUE	1
1988	014688	0146	2	Demo	TRUE	1
1988	006488	0064	4	Demo	TRUE	1
1988	007788	0077	2	Demo	TRUE	1
1988	014788	0147	3	Demo	TRUE	1
1988	009288	0092	3	Demo	TRUE	1
1988	003688	0036	5	Demo	TRUE	1
1988	006988	0069	2	Demo	TRUE	1
1988	006188	0061	6	Demo	TRUE	1
1988	002988	0029	6	Demo	TRUE	1
1988	012788	0127	3	Demo	TRUE	1
1988	003288	0032	5	Demo	TRUE	1
1988	007588	0075	4	Demo	TRUE	1
1988	002488	0024	5	Demo	TRUE	1
1988	006888	0068	5	Demo	TRUE	1
1988	009188	0091	6	Demo	TRUE	1
1988	001788	0017	4	Demo	TRUE	1
1988	007888	0078	4	Demo	TRUE	1
1988	012888	0128	2	Demo	TRUE	1
1988	009088	0090	5	Demo	TRUE	1
1988	020588	0205	4	Demo	TRUE	1
1988	004488	0044	2	Demo	TRUE	1
1988	008688	0086	7	Demo	TRUE	1
1988	001288	0012	4	Demo	TRUE	1
1988	004388	0043	2	Demo	TRUE	1
1988	000488	0004	7	Demo	TRUE	1
1988	008888	0088	5	Demo	TRUE	1
1988	023688	0236	4	Demo	TRUE	1
1988	011488	0114	4	Demo	TRUE	1
1988	014388	0143	4	Demo	TRUE	1
1988	009588	0095	7	Demo	TRUE	1
1988	047088	0470	2	Demo	TRUE	1
1988	005388	0053	8	Demo	TRUE	1
1988	004788	0047	3	Demo	TRUE	1
1988	012588	0125	6	Demo	TRUE	1
1988	000788	0007	5	Demo	TRUE	1
1989	009489	0094	5	Demo	TRUE	1
1989	014489	0144	3	Demo	TRUE	1
1989	002389	0023	7	Demo	TRUE	1
1989	002689	0026	7	Demo	TRUE	1
1989	007089	0070	7	Demo	TRUE	2
1989	002289	0022	3	Demo	TRUE	1
1989	013089	0130	7	Demo	TRUE	1
1989	011789	0117	7	Demo	TRUE	1
1989	008789	0087	6	Demo	TRUE	1
1989	007189	0071	5	Demo	TRUE	1
1989	006389	0063	6	Demo	TRUE	1
1989	013189	0131	8	Demo	TRUE	1
1989	000389	0003	3	Demo	TRUE	1
1989	007689	0076	3	Demo	TRUE	1
1989	010389	0103	7	Demo	TRUE	1
1989	012989	0129	9	Demo	TRUE	1
1989	010489	0104	7	Demo	TRUE	1
1989	008289	0082	3	Demo	TRUE	1
1989	014889	0148	3	Demo	TRUE	1
1989	008989	0089	7	Demo	TRUE	1
1989	003489	0034	6	Demo	TRUE	1
1989	020489	0204	2	Demo	TRUE	1
1989	011089	0110	5	Demo	TRUE	2
1989	014689	0146	3	Demo	TRUE	1
1989	045089	0450	2	Demo	TRUE	1
1989	006489	0064	2	Demo	TRUE	1
1989	007789	0077	2	Demo	TRUE	1
1989	014789	0147	5	Demo	TRUE	1
1989	005589	0055	2	Demo	TRUE	1
1989	009289	0092	6	Demo	TRUE	1
1989	014089	0140	5	Demo	TRUE	1
1989	003689	0036	6	Demo	TRUE	1
1989	006989	0069	6	Demo	TRUE	1
1989	006189	0061	2	Demo	TRUE	1
1989	002989	0029	5	Demo	TRUE	1
1989	012789	0127	5	Demo	TRUE	1
1989	003289	0032	6	Demo	TRUE	1
1989	007589	0075	5	Demo	TRUE	1
1989	002489	0024	4	Demo	TRUE	1
1989	006889	0068	7	Demo	TRUE	1
1989	009189	0091	5	Demo	TRUE	1
1989	001789	0017	5	Demo	TRUE	1
1989	007889	0078	4	Demo	TRUE	1
1989	012889	0128	6	Demo	TRUE	1
1989	009089	0090	7	Demo	TRUE	1
1989	020589	0205	5	Demo	TRUE	1
1989	004489	0044	7	Demo	TRUE	1
1989	003989	0039	3	Demo	TRUE	1
1989	008689	0086	8	Demo	TRUE	1
1989	001289	0012	4	Demo	TRUE	1
1989	004389	0043	5	Demo	TRUE	1
1989	000489	0004	8	Demo	TRUE	1
1989	008889	0088	5	Demo	TRUE	1
1989	023689	0236	2	Demo	TRUE	2
1989	011489	0114	5	Demo	TRUE	1
1989	014389	0143	6	Demo	TRUE	1
1989	009589	0095	6	Demo	TRUE	1
1989	023789	0237	2	Demo	TRUE	1
1989	005389	0053	6	Demo	TRUE	1
1989	004789	0047	3	Demo	TRUE	1
1989	012589	0125	5	Demo	TRUE	1
1989	000789	0007	6	Demo	TRUE	1
1990	009490	0094	2	Demo	TRUE	2
1990	014490	0144	6	Demo	NA	1
1990	002390	0023	2	Demo	TRUE	1
1990	002690	0026	4	Demo	TRUE	1
1990	007090	0070	6	Demo	TRUE	2
1990	002290	0022	2	Demo	TRUE	2
1990	013090	0130	3	Demo	TRUE	2
1990	011790	0117	6	Demo	TRUE	1
1990	007190	0071	6	Demo	TRUE	1
1990	006390	0063	8	Demo	TRUE	1
1990	000390	0003	5	Demo	TRUE	1
1990	007690	0076	2	Demo	TRUE	1
1990	010390	0103	3	Demo	TRUE	1
1990	012990	0129	6	Demo	TRUE	1
1990	008290	0082	2	Demo	TRUE	1
1990	014890	0148	5	Demo	TRUE	1
1990	008990	0089	4	Demo	TRUE	1
1990	003490	0034	4	Demo	TRUE	1
1990	020490	0204	2	Demo	TRUE	1
1990	011090	0110	3	Demo	TRUE	2
1990	014690	0146	4	Demo	TRUE	2
1990	014790	0147	2	Demo	TRUE	2
1990	018690	0186	2	Demo	TRUE	1
1990	005590	0055	2	Demo	TRUE	1
1990	014090	0140	6	Demo	TRUE	1
1990	003690	0036	7	Demo	TRUE	1
1990	006190	0061	4	Demo	TRUE	1
1990	002990	0029	2	Demo	TRUE	1
1990	003290	0032	6	Demo	TRUE	1
1990	007590	0075	5	Demo	TRUE	1
1990	002490	0024	4	Demo	TRUE	1
1990	009190	0091	5	Demo	TRUE	1
1990	001790	0017	2	Demo	TRUE	2
1990	007890	0078	6	Demo	TRUE	1
1990	012890	0128	4	Demo	TRUE	1
1990	009090	0090	4	Demo	TRUE	1
1990	020590	0205	2	Demo	TRUE	1
1990	004490	0044	3	Demo	TRUE	1
1990	003990	0039	3	Demo	TRUE	1
1990	008690	0086	2	Demo	TRUE	1
1990	001290	0012	4	Demo	TRUE	1
1990	004390	0043	3	Demo	TRUE	1
1990	000490	0004	2	Demo	TRUE	1
1990	008890	0088	6	Demo	TRUE	1
1990	011490	0114	7	Demo	TRUE	1
1990	009590	0095	3	Demo	TRUE	1
1990	005390	0053	5	Demo	TRUE	1
1990	007990	0079	3	Demo	NA	1
1990	004790	0047	6	Demo	TRUE	1
1990	012590	0125	5	Demo	TRUE	2
1990	000790	0007	3	Demo	TRUE	1
1991	014491	0144	6	Demo	TRUE	1
1991	008091	0080	5	Demo	TRUE	1
1991	002391	0023	5	Demo	TRUE	1
1991	007091	0070	2	Demo	TRUE	3
1991	002291	0022	4	Demo	TRUE	2
1991	007191	0071	5	Demo	TRUE	1
1991	005791	0057	2	Demo	TRUE	2
1991	006391	0063	10	Demo	TRUE	1
1991	000391	0003	4	Demo	TRUE	1
1991	007691	0076	8	Demo	TRUE	1
1991	010391	0103	5	Demo	TRUE	1
1991	008291	0082	5	Demo	TRUE	2
1991	014891	0148	3	Demo	TRUE	1
1991	008991	0089	6	Demo	TRUE	1
1991	003491	0034	6	Demo	TRUE	1
1991	020491	0204	5	Demo	TRUE	1
1991	011091	0110	4	Demo	TRUE	2
1991	014691	0146	6	Demo	TRUE	2
1991	006491	0064	2	Demo	NA	1
1991	014791	0147	5	Demo	TRUE	2
1991	018691	0186	2	Demo	TRUE	1
1991	005591	0055	4	Demo	TRUE	1
1991	003691	0036	7	Demo	TRUE	1
1991	006191	0061	3	Demo	TRUE	1
1991	003291	0032	2	Demo	TRUE	2
1991	007591	0075	6	Demo	TRUE	1
1991	002491	0024	4	Demo	TRUE	2
1991	009191	0091	6	Demo	TRUE	1
1991	001791	0017	6	Demo	TRUE	3
1991	007891	0078	10	Demo	TRUE	1
1991	020591	0205	3	Demo	TRUE	1
1991	004491	0044	7	Demo	TRUE	1
1991	003991	0039	3	Demo	TRUE	1
1991	008691	0086	3	Demo	TRUE	1
1991	001291	0012	5	Demo	TRUE	1
1991	018991	0189	2	Demo	NA	1
1991	004391	0043	5	Demo	TRUE	1
1991	000491	0004	4	Demo	TRUE	1
1991	008891	0088	7	Demo	TRUE	1
1991	011491	0114	6	Demo	TRUE	1
1991	014391	0143	2	Demo	TRUE	2
1991	009591	0095	3	Demo	TRUE	2
1991	005391	0053	8	Demo	TRUE	1
1991	004791	0047	3	Demo	NA	1
1991	012591	0125	5	Demo	TRUE	3
1991	003791	0037	6	Demo	TRUE	1
1991	000791	0007	5	Demo	TRUE	1
1991	002891	0028	6	Demo	TRUE	1
1992	008092	0080	3	Demo	TRUE	1
1992	002392	0023	5	Demo	TRUE	1
1992	007092	0070	2	Demo	TRUE	4
1992	002292	0022	2	Demo	NA	2
1992	005792	0057	5	Demo	TRUE	2
1992	006392	0063	4	Demo	TRUE	1
1992	013192	0131	2	Demo	NA	2
1992	000392	0003	5	Demo	TRUE	1
1992	022092	0220	6	Demo	TRUE	1
1992	007692	0076	2	Demo	TRUE	1
1992	010392	0103	5	Demo	TRUE	1
1992	008292	0082	1	Demo	TRUE	2
1992	014892	0148	6	Demo	TRUE	1
1992	003492	0034	6	Demo	TRUE	1
1992	020492	0204	3	Demo	TRUE	1
1992	011092	0110	2	Demo	TRUE	2
1992	006492	0064	9	Demo	NA	1
1992	007792	0077	2	Demo	TRUE	2
1992	014792	0147	3	Demo	TRUE	2
1992	018692	0186	2	Demo	TRUE	1
1992	005592	0055	5	Demo	TRUE	1
1992	003692	0036	6	Demo	TRUE	1
1992	006192	0061	3	Demo	TRUE	2
1992	003292	0032	2	Demo	TRUE	2
1992	007592	0075	8	Demo	TRUE	1
1992	002492	0024	2	Demo	TRUE	2
1992	009192	0091	2	Demo	NA	1
1992	007892	0078	3	Demo	TRUE	2
1992	020592	0205	2	Demo	TRUE	1
1992	004492	0044	6	Demo	TRUE	1
1992	005992	0059	5	Demo	NA	1
1992	003992	0039	3	Demo	TRUE	1
1992	008692	0086	2	Demo	TRUE	1
1992	001292	0012	5	Demo	TRUE	1
1992	004392	0043	6	Demo	TRUE	1
1992	000492	0004	3	Demo	TRUE	1
1992	011492	0114	8	Demo	TRUE	1
1992	014392	0143	2	Demo	TRUE	2
1992	009592	0095	2	Demo	TRUE	3
1992	005392	0053	7	Demo	TRUE	1
1992	004792	0047	6	Demo	TRUE	1
1992	003792	0037	3	Demo	TRUE	1
1992	000792	0007	5	Demo	TRUE	1
1992	002892	0028	3	Demo	TRUE	1
1993	008093	0080	3	Demo	TRUE	1
1993	002393	0023	6	Demo	TRUE	1
1993	007093	0070	4	Demo	TRUE	5
1993	013093	0130	3	Demo	TRUE	3
1993	008793	0087	2	Demo	TRUE	2
1993	007193	0071	4	Demo	TRUE	2
1993	005793	0057	6	Demo	TRUE	2
1993	006393	0063	1	Demo	NA	1
1993	000393	0003	5	Demo	TRUE	1
1993	022093	0220	3	Demo	TRUE	1
1993	007693	0076	5	Demo	TRUE	1
1993	015593	0155	4	Demo	TRUE	1
1993	010393	0103	5	Demo	TRUE	1
1993	014893	0148	5	Demo	TRUE	1
1993	003493	0034	7	Demo	TRUE	1
1993	020493	0204	8	Demo	TRUE	1
1993	011093	0110	2	Demo	TRUE	2
1993	006493	0064	6	Demo	TRUE	1
1993	008593	0085	5	Demo	TRUE	1
1993	007793	0077	4	Demo	TRUE	2
1993	014793	0147	6	Demo	TRUE	2
1993	018693	0186	6	Demo	TRUE	1
1993	003693	0036	3	Demo	TRUE	2
1993	006193	0061	3	Demo	TRUE	2
1993	003293	0032	2	Demo	TRUE	2
1993	007593	0075	5	Demo	TRUE	1
1993	002493	0024	4	Demo	TRUE	3
1993	026793	0267	4	Demo	TRUE	1
1993	007893	0078	3	Demo	TRUE	2
1993	020593	0205	6	Demo	TRUE	1
1993	004493	0044	13	Demo	TRUE	1
1993	005993	0059	3	Demo	TRUE	1
1993	003993	0039	7	Demo	TRUE	1
1993	008693	0086	5	Demo	TRUE	1
1993	001293	0012	7	Demo	TRUE	1
1993	004393	0043	5	Demo	TRUE	1
1993	000493	0004	3	Demo	TRUE	1
1993	011493	0114	8	Demo	TRUE	1
1993	014393	0143	6	Demo	TRUE	2
1993	009593	0095	6	Demo	TRUE	3
1993	005393	0053	7	Demo	TRUE	1
1993	007993	0079	3	Demo	TRUE	2
1993	003793	0037	7	Demo	TRUE	1
1993	000793	0007	4	Demo	TRUE	1
1993	002893	0028	5	Demo	TRUE	1
1994	008094	0080	5	Demo	FALSE	1
1994	002394	0023	6	Demo	TRUE	1
1994	002694	0026	5	Demo	TRUE	2
1994	007094	0070	9	Demo	TRUE	5
1994	008794	0087	1	Demo	NA	2
1994	007194	0071	7	Demo	TRUE	2
1994	005794	0057	6	Demo	TRUE	2
1994	000394	0003	3	Demo	TRUE	1
1994	022094	0220	6	Demo	TRUE	1
1994	006694	0066	7	Demo	TRUE	1
1994	007694	0076	2	Demo	TRUE	1
1994	015594	0155	4	Demo	TRUE	1
1994	010394	0103	7	Demo	TRUE	1
1994	014894	0148	7	Demo	TRUE	1
1994	003494	0034	9	Demo	TRUE	1
1994	020494	0204	9	Demo	TRUE	1
1994	044794	0447	2	Demo	TRUE	1
1994	011094	0110	2	Demo	TRUE	2
1994	006494	0064	2	Demo	NA	1
1994	007794	0077	5	Demo	TRUE	2
1994	014794	0147	4	Demo	TRUE	2
1994	018694	0186	5	Demo	TRUE	1
1994	005594	0055	5	Demo	TRUE	2
1994	003694	0036	6	Demo	TRUE	2
1994	006194	0061	5	Demo	TRUE	2
1994	003294	0032	4	Demo	TRUE	2
1994	007594	0075	6	Demo	TRUE	1
1994	007894	0078	5	Demo	TRUE	2
1994	020594	0205	6	Demo	TRUE	1
1994	004494	0044	7	Demo	TRUE	1
1994	005994	0059	6	Demo	TRUE	1
1994	003994	0039	6	Demo	TRUE	1
1994	008694	0086	5	Demo	TRUE	1
1994	026894	0268	3	Demo	TRUE	1
1994	001294	0012	5	Demo	TRUE	1
1994	004394	0043	2	Demo	TRUE	1
1994	000494	0004	4	Demo	TRUE	1
1994	011494	0114	8	Demo	TRUE	1
1994	014394	0143	7	Demo	TRUE	2
1994	027094	0270	5	Demo	TRUE	1
1994	009594	0095	8	Demo	TRUE	3
1994	005394	0053	3	Demo	TRUE	1
1994	007994	0079	3	Demo	TRUE	2
1994	003794	0037	12	Demo	TRUE	1
1994	000794	0007	7	Demo	TRUE	1
1994	002894	0028	2	Demo	TRUE	2
1995	001395	0013	3	Demo	TRUE	1
1995	008095	0080	5	Demo	FALSE	2
1995	002395	0023	6	Demo	TRUE	1
1995	002695	0026	5	Demo	TRUE	2
1995	007095	0070	7	Demo	TRUE	5
1995	007195	0071	2	Demo	TRUE	2
1995	005795	0057	2	Demo	TRUE	2
1995	000395	0003	5	Demo	TRUE	1
1995	044195	0441	2	Demo	TRUE	1
1995	022095	0220	4	Demo	TRUE	1
1995	006695	0066	2	Demo	TRUE	1
1995	007695	0076	5	Demo	TRUE	2
1995	015595	0155	2	Demo	TRUE	1
1995	010395	0103	6	Demo	TRUE	1
1995	008295	0082	2	Demo	TRUE	3
1995	011195	0111	2	Demo	TRUE	1
1995	014895	0148	3	Demo	TRUE	1
1995	003495	0034	3	Demo	TRUE	1
1995	020495	0204	7	Demo	TRUE	1
1995	011095	0110	2	Demo	TRUE	2
1995	008195	0081	2	Demo	TRUE	1
1995	008595	0085	2	Demo	TRUE	2
1995	007795	0077	2	Demo	TRUE	2
1995	014795	0147	4	Demo	TRUE	2
1995	018695	0186	3	Demo	TRUE	1
1995	006795	0067	3	Demo	TRUE	1
1995	003695	0036	4	Demo	TRUE	2
1995	006195	0061	2	Demo	TRUE	2
1995	002995	0029	2	Demo	TRUE	2
1995	012795	0127	2	Demo	NA	2
1995	003295	0032	3	Demo	TRUE	2
1995	007595	0075	5	Demo	TRUE	1
1995	001095	0010	2	Demo	TRUE	1
1995	006895	0068	2	Demo	TRUE	2
1995	011595	0115	5	Demo	TRUE	1
1995	007895	0078	6	Demo	TRUE	2
1995	045895	0458	3	Demo	TRUE	1
1995	020595	0205	6	Demo	TRUE	1
1995	004495	0044	8	Demo	TRUE	1
1995	005995	0059	6	Demo	TRUE	1
1995	003995	0039	4	Demo	TRUE	1
1995	011295	0112	3	Demo	TRUE	2
1995	008695	0086	4	Demo	TRUE	2
1995	001295	0012	3	Demo	TRUE	1
1995	004395	0043	3	Demo	TRUE	2
1995	000495	0004	6	Demo	TRUE	1
1995	011495	0114	6	Demo	TRUE	1
1995	014395	0143	4	Demo	TRUE	2
1995	027095	0270	4	Demo	TRUE	2
1995	009595	0095	5	Demo	TRUE	3
1995	047095	0470	6	Demo	NA	2
1995	007995	0079	5	Demo	TRUE	2
1995	003795	0037	4	Demo	TRUE	1
1995	000795	0007	6	Demo	TRUE	1
1995	002895	0028	5	Demo	TRUE	2
1996	001396	0013	4	Demo	TRUE	1
1996	008096	0080	7	Demo	TRUE	2
1996	002396	0023	3	Demo	TRUE	1
1996	002696	0026	8	Demo	TRUE	2
1996	007096	0070	4	Demo	TRUE	5
1996	043996	0439	3	Demo	TRUE	1
1996	008796	0087	2	Demo	TRUE	3
1996	007196	0071	5	Demo	TRUE	2
1996	005796	0057	5	Demo	TRUE	2
1996	006396	0063	5	Demo	TRUE	2
1996	000396	0003	7	Demo	TRUE	1
1996	022096	0220	7	Demo	TRUE	1
1996	006696	0066	3	Demo	TRUE	1
1996	007696	0076	7	Demo	TRUE	2
1996	015596	0155	3	Demo	TRUE	1
1996	010396	0103	8	Demo	TRUE	1
1996	008296	0082	5	Demo	TRUE	3
1996	011196	0111	5	Demo	TRUE	1
1996	014896	0148	5	Demo	TRUE	1
1996	003496	0034	5	Demo	TRUE	1
1996	011096	0110	2	Demo	TRUE	2
1996	027296	0272	5	Demo	TRUE	1
1996	008196	0081	2	Demo	TRUE	1
1996	008596	0085	4	Demo	TRUE	2
1996	007796	0077	5	Demo	TRUE	2
1996	014796	0147	6	Demo	TRUE	2
1996	015396	0153	2	Demo	TRUE	1
1996	018696	0186	6	Demo	TRUE	1
1996	045196	0451	2	Demo	TRUE	1
1996	006796	0067	5	Demo	TRUE	1
1996	003696	0036	7	Demo	TRUE	2
1996	006996	0069	5	Demo	TRUE	2
1996	006196	0061	5	Demo	TRUE	2
1996	002996	0029	5	Demo	TRUE	2
1996	012796	0127	2	Demo	NA	2
1996	003296	0032	8	Demo	TRUE	2
1996	007596	0075	4	Demo	TRUE	1
1996	001096	0010	6	Demo	TRUE	1
1996	006896	0068	6	Demo	TRUE	2
1996	009196	0091	2	Demo	NA	2
1996	011596	0115	6	Demo	TRUE	1
1996	007496	0074	2	Demo	TRUE	1
1996	007896	0078	6	Demo	TRUE	2
1996	045896	0458	2	Demo	TRUE	1
1996	020596	0205	2	Demo	TRUE	1
1996	004496	0044	9	Demo	TRUE	1
1996	005996	0059	7	Demo	TRUE	1
1996	003996	0039	6	Demo	TRUE	1
1996	011296	0112	3	Demo	TRUE	2
1996	008696	0086	3	Demo	TRUE	2
1996	001296	0012	5	Demo	TRUE	1
1996	004396	0043	5	Demo	TRUE	2
1996	000496	0004	6	Demo	TRUE	1
1996	011496	0114	4	Demo	TRUE	1
1996	014396	0143	5	Demo	TRUE	2
1996	027096	0270	2	Demo	TRUE	2
1996	007996	0079	6	Demo	TRUE	2
1996	001896	0018	2	Demo	TRUE	1
1996	003796	0037	6	Demo	TRUE	1
1996	000796	0007	4	Demo	TRUE	1
1996	002896	0028	7	Demo	TRUE	2
1997	001397	0013	7	Demo	TRUE	1
1997	008097	0080	7	Demo	TRUE	2
1997	002697	0026	8	Demo	TRUE	2
1997	007097	0070	8	Demo	TRUE	5
1997	043997	0439	3	Demo	TRUE	1
1997	007197	0071	7	Demo	TRUE	2
1997	005797	0057	4	Demo	TRUE	2
1997	006397	0063	4	Demo	TRUE	2
1997	000397	0003	6	Demo	TRUE	1
1997	022097	0220	5	Demo	TRUE	1
1997	006697	0066	3	Demo	TRUE	1
1997	007697	0076	5	Demo	TRUE	2
1997	044397	0443	2	Demo	TRUE	1
1997	015597	0155	2	Demo	TRUE	1
1997	008397	0083	3	Demo	TRUE	1
1997	010397	0103	2	Demo	TRUE	1
1997	014997	0149	3	Demo	TRUE	1
1997	024697	0246	2	Demo	TRUE	1
1997	008297	0082	9	Demo	TRUE	3
1997	011197	0111	5	Demo	TRUE	1
1997	014897	0148	5	Demo	TRUE	1
1997	008997	0089	2	Demo	TRUE	2
1997	003497	0034	4	Demo	TRUE	1
1997	011097	0110	2	Demo	TRUE	2
1997	027297	0272	3	Demo	TRUE	2
1997	008197	0081	7	Demo	TRUE	1
1997	008597	0085	6	Demo	TRUE	2
1997	007797	0077	7	Demo	TRUE	2
1997	014797	0147	7	Demo	TRUE	2
1997	015397	0153	2	Demo	TRUE	1
1997	018697	0186	5	Demo	TRUE	1
1997	009297	0092	2	Demo	TRUE	2
1997	006797	0067	6	Demo	TRUE	1
1997	003697	0036	6	Demo	TRUE	2
1997	006997	0069	5	Demo	TRUE	2
1997	006197	0061	8	Demo	TRUE	2
1997	002997	0029	7	Demo	TRUE	2
1997	003297	0032	8	Demo	TRUE	2
1997	007597	0075	5	Demo	TRUE	1
1997	001097	0010	8	Demo	TRUE	1
1997	006897	0068	7	Demo	TRUE	2
1997	011597	0115	2	Demo	TRUE	1
1997	007497	0074	5	Demo	TRUE	1
1997	045797	0457	2	Demo	TRUE	1
1997	007897	0078	9	Demo	TRUE	2
1997	020597	0205	6	Demo	TRUE	1
1997	004497	0044	8	Demo	TRUE	1
1997	005997	0059	9	Demo	TRUE	1
1997	003997	0039	5	Demo	TRUE	1
1997	011297	0112	4	Demo	TRUE	2
1997	008697	0086	3	Demo	TRUE	2
1997	001297	0012	7	Demo	TRUE	1
1997	004397	0043	3	Demo	TRUE	2
1997	000497	0004	2	Demo	TRUE	1
1997	011497	0114	8	Demo	TRUE	1
1997	046397	0463	5	Demo	TRUE	1
1997	014397	0143	4	Demo	TRUE	2
1997	027097	0270	2	Demo	TRUE	2
1997	046997	0469	2	Demo	TRUE	1
1997	009597	0095	2	Demo	TRUE	4
1997	047097	0470	3	Demo	TRUE	2
1997	007997	0079	6	Demo	TRUE	2
1997	001897	0018	5	Demo	TRUE	1
1997	004797	0047	3	Demo	TRUE	2
1997	003797	0037	8	Demo	TRUE	1
1997	000797	0007	5	Demo	TRUE	1
1997	002897	0028	3	Demo	TRUE	2
1998	001398	0013	3	Demo	TRUE	1
1998	014498	0144	2	Demo	TRUE	2
1998	008098	0080	6	Demo	TRUE	2
1998	002698	0026	2	Demo	TRUE	2
1998	007098	0070	2	Demo	TRUE	5
1998	009398	0093	4	Demo	TRUE	2
1998	011798	0117	2	Demo	TRUE	2
1998	007198	0071	2	Demo	TRUE	2
1998	005798	0057	2	Demo	TRUE	2
1998	006398	0063	2	Demo	TRUE	2
1998	000398	0003	4	Demo	TRUE	1
1998	022098	0220	6	Demo	TRUE	1
1998	006698	0066	7	Demo	TRUE	1
1998	007698	0076	5	Demo	TRUE	2
1998	015598	0155	2	Demo	TRUE	1
1998	008398	0083	2	Demo	TRUE	1
1998	010398	0103	9	Demo	TRUE	1
1998	014998	0149	3	Demo	TRUE	1
1998	024698	0246	2	Demo	TRUE	1
1998	008298	0082	7	Demo	TRUE	3
1998	011198	0111	7	Demo	TRUE	2
1998	014898	0148	3	Demo	TRUE	1
1998	008998	0089	2	Demo	TRUE	3
1998	011098	0110	6	Demo	TRUE	3
1998	008198	0081	2	Demo	TRUE	2
1998	006298	0062	2	Demo	TRUE	2
1998	008598	0085	5	Demo	TRUE	2
1998	007798	0077	3	Demo	TRUE	2
1998	014798	0147	2	Demo	TRUE	3
1998	015398	0153	6	Demo	TRUE	1
1998	018698	0186	3	Demo	TRUE	1
1998	009298	0092	1	Demo	NA	2
1998	006798	0067	4	Demo	TRUE	1
1998	006998	0069	2	Demo	TRUE	2
1998	006198	0061	4	Demo	TRUE	2
1998	002998	0029	6	Demo	TRUE	2
1998	006898	0068	3	Demo	TRUE	2
1998	011598	0115	5	Demo	TRUE	1
1998	007498	0074	2	Demo	TRUE	2
1998	007898	0078	3	Demo	TRUE	2
1998	020598	0205	2	Demo	TRUE	1
1998	004498	0044	2	Demo	TRUE	1
1998	005998	0059	4	Demo	TRUE	1
1998	003998	0039	7	Demo	TRUE	1
1998	011298	0112	4	Demo	TRUE	2
1998	004398	0043	2	Demo	NA	3
1998	000498	0004	6	Demo	TRUE	1
1998	011498	0114	8	Demo	TRUE	1
1998	014398	0143	3	Demo	TRUE	2
1998	027098	0270	4	Demo	TRUE	2
1998	009598	0095	5	Demo	TRUE	4
1998	047098	0470	2	Demo	TRUE	2
1998	007998	0079	3	Demo	TRUE	2
1998	004798	0047	6	Demo	TRUE	2
1998	003798	0037	2	Demo	TRUE	1
1998	000798	0007	7	Demo	TRUE	1
1999	001399	0013	5	Demo	TRUE	1
1999	008099	0080	7	Demo	TRUE	2
1999	002699	0026	2	Demo	TRUE	2
1999	007099	0070	4	Demo	TRUE	5
1999	009399	0093	5	Demo	TRUE	2
1999	001499	0014	3	Demo	TRUE	1
1999	011799	0117	6	Demo	TRUE	2
1999	007199	0071	4	Demo	TRUE	3
1999	015799	0157	2	Demo	TRUE	1
1999	006399	0063	6	Demo	TRUE	2
1999	000399	0003	5	Demo	TRUE	1
1999	022099	0220	6	Demo	TRUE	1
1999	006699	0066	8	Demo	TRUE	1
1999	007699	0076	7	Demo	TRUE	2
1999	015599	0155	7	Demo	TRUE	1
1999	008399	0083	5	Demo	TRUE	1
1999	010399	0103	6	Demo	TRUE	1
1999	014999	0149	3	Demo	TRUE	1
1999	024699	0246	2	Demo	TRUE	1
1999	008299	0082	8	Demo	TRUE	3
1999	011199	0111	3	Demo	TRUE	2
1999	014899	0148	5	Demo	TRUE	1
1999	008999	0089	4	Demo	TRUE	3
1999	011099	0110	7	Demo	TRUE	3
1999	008199	0081	5	Demo	TRUE	2
1999	006299	0062	4	Demo	TRUE	2
1999	008599	0085	5	Demo	TRUE	2
1999	007799	0077	3	Demo	TRUE	2
1999	014799	0147	3	Demo	TRUE	3
1999	015399	0153	8	Demo	TRUE	1
1999	018699	0186	6	Demo	TRUE	1
1999	006799	0067	3	Demo	TRUE	1
1999	006999	0069	5	Demo	TRUE	2
1999	006199	0061	6	Demo	TRUE	2
1999	002999	0029	7	Demo	TRUE	2
1999	003299	0032	5	Demo	TRUE	3
1999	007599	0075	2	Demo	TRUE	2
1999	001099	0010	2	Demo	TRUE	2
1999	006899	0068	6	Demo	TRUE	2
1999	011599	0115	6	Demo	TRUE	1
1999	024999	0249	2	Demo	TRUE	1
1999	007899	0078	7	Demo	TRUE	2
1999	020599	0205	4	Demo	TRUE	1
1999	004499	0044	5	Demo	TRUE	1
1999	005999	0059	6	Demo	TRUE	1
1999	003999	0039	8	Demo	TRUE	1
1999	015999	0159	5	Demo	TRUE	1
1999	011299	0112	4	Demo	TRUE	2
1999	000499	0004	9	Demo	TRUE	1
1999	011499	0114	3	Demo	TRUE	1
1999	014399	0143	3	Demo	TRUE	2
1999	027099	0270	6	Demo	TRUE	2
1999	009599	0095	2	Demo	TRUE	4
1999	007999	0079	4	Demo	TRUE	2
1999	000799	0007	7	Demo	TRUE	1
2000	001300	0013	6	Demo	TRUE	1
2000	014400	0144	2	Demo	TRUE	3
2000	008000	0080	7	Demo	TRUE	2
2000	002600	0026	7	Demo	TRUE	2
2000	007000	0070	3	Demo	TRUE	6
2000	001400	0014	4	Demo	TRUE	1
2000	011700	0117	8	Demo	TRUE	2
2000	007100	0071	4	Demo	TRUE	3
2000	015700	0157	3	Demo	TRUE	1
2000	006300	0063	6	Demo	TRUE	2
2000	000300	0003	8	Demo	TRUE	1
2000	022000	0220	7	Demo	TRUE	1
2000	006600	0066	4	Demo	TRUE	1
2000	007600	0076	4	Demo	TRUE	2
2000	010300	0103	5	Demo	TRUE	1
2000	014900	0149	2	Demo	TRUE	1
2000	024600	0246	2	Demo	TRUE	1
2000	008200	0082	5	Demo	TRUE	3
2000	011100	0111	4	Demo	TRUE	2
2000	011000	0110	10	Demo	TRUE	3
2000	044800	0448	2	Demo	TRUE	1
2000	008100	0081	6	Demo	TRUE	2
2000	006200	0062	6	Demo	TRUE	2
2000	008500	0085	7	Demo	TRUE	2
2000	007700	0077	2	Demo	TRUE	2
2000	015300	0153	10	Demo	TRUE	1
2000	006700	0067	5	Demo	TRUE	1
2000	006900	0069	2	Demo	TRUE	2
2000	006100	0061	7	Demo	TRUE	2
2000	002900	0029	5	Demo	TRUE	2
2000	012700	0127	8	Demo	TRUE	3
2000	003200	0032	3	Demo	TRUE	3
2000	001000	0010	3	Demo	TRUE	3
2000	006800	0068	6	Demo	TRUE	2
2000	011500	0115	10	Demo	TRUE	1
2000	007800	0078	6	Demo	TRUE	2
2000	020500	0205	5	Demo	TRUE	1
2000	004400	0044	5	Demo	TRUE	1
2000	005900	0059	6	Demo	TRUE	1
2000	003900	0039	3	Demo	TRUE	1
2000	015900	0159	6	Demo	TRUE	1
2000	046000	0460	2	Demo	TRUE	1
2000	011200	0112	8	Demo	TRUE	2
2000	000400	0004	4	Demo	TRUE	1
2000	011400	0114	2	Demo	TRUE	1
2000	014300	0143	1	Demo	NA	3
2000	027000	0270	4	Demo	TRUE	2
2000	009500	0095	2	Demo	TRUE	4
2000	007900	0079	5	Demo	TRUE	2
2000	000700	0007	9	Demo	TRUE	1
2001	001301	0013	7	Demo	TRUE	1
2001	014401	0144	7	Demo	TRUE	3
2001	008001	0080	3	Demo	TRUE	2
2001	002601	0026	9	Demo	TRUE	2
2001	007001	0070	2	Demo	TRUE	6
2001	001401	0014	2	Demo	NA	1
2001	011701	0117	7	Demo	TRUE	2
2001	007101	0071	2	Demo	TRUE	3
2001	015701	0157	5	Demo	TRUE	1
2001	006301	0063	7	Demo	TRUE	2
2001	000301	0003	3	Demo	TRUE	1
2001	022001	0220	4	Demo	TRUE	1
2001	006601	0066	6	Demo	TRUE	1
2001	007601	0076	6	Demo	TRUE	2
2001	010301	0103	6	Demo	TRUE	1
2001	014901	0149	4	Demo	TRUE	1
2001	024601	0246	2	Demo	TRUE	1
2001	008201	0082	4	Demo	TRUE	3
2001	011101	0111	4	Demo	TRUE	2
2001	011001	0110	9	Demo	TRUE	3
2001	008101	0081	7	Demo	TRUE	2
2001	006201	0062	5	Demo	TRUE	2
2001	015301	0153	5	Demo	TRUE	1
2001	006701	0067	8	Demo	TRUE	1
2001	006901	0069	2	Demo	TRUE	2
2001	006101	0061	6	Demo	TRUE	2
2001	002901	0029	3	Demo	TRUE	2
2001	003201	0032	5	Demo	TRUE	3
2001	001001	0010	3	Demo	TRUE	3
2001	006801	0068	3	Demo	TRUE	2
2001	011501	0115	5	Demo	TRUE	1
2001	007801	0078	5	Demo	TRUE	2
2001	020501	0205	6	Demo	TRUE	1
2001	004401	0044	6	Demo	TRUE	2
2001	005901	0059	9	Demo	TRUE	1
2001	003901	0039	7	Demo	TRUE	1
2001	015901	0159	5	Demo	TRUE	1
2001	011201	0112	3	Demo	TRUE	2
2001	000401	0004	4	Demo	TRUE	1
2001	011401	0114	6	Demo	TRUE	1
2001	027001	0270	5	Demo	TRUE	2
2001	009501	0095	3	Demo	TRUE	4
2001	012501	0125	2	Demo	TRUE	4
2001	000701	0007	5	Demo	TRUE	1
2002	030402	0304	2	Demo	TRUE	1
2002	043102	0431	2	Demo	TRUE	1
2002	001302	0013	8	Demo	TRUE	1
2002	014402	0144	5	Demo	TRUE	3
2002	007002	0070	3	Demo	TRUE	6
2002	018502	0185	3	Demo	TRUE	1
2002	011702	0117	6	Demo	TRUE	2
2002	007102	0071	4	Demo	TRUE	3
2002	015702	0157	6	Demo	TRUE	1
2002	006302	0063	5	Demo	TRUE	2
2002	000302	0003	4	Demo	TRUE	2
2002	006602	0066	5	Demo	TRUE	1
2002	007602	0076	8	Demo	TRUE	2
2002	015502	0155	6	Demo	TRUE	2
2002	010302	0103	5	Demo	TRUE	1
2002	008202	0082	8	Demo	TRUE	4
2002	011002	0110	6	Demo	TRUE	3
2002	008102	0081	4	Demo	TRUE	2
2002	015302	0153	7	Demo	TRUE	1
2002	018602	0186	4	Demo	TRUE	1
2002	015202	0152	7	Demo	TRUE	1
2002	023502	0235	2	Demo	TRUE	1
2002	006702	0067	8	Demo	TRUE	1
2002	006902	0069	4	Demo	TRUE	2
2002	006102	0061	7	Demo	TRUE	2
2002	030502	0305	2	Demo	NA	1
2002	012702	0127	4	Demo	NA	3
2002	003202	0032	5	Demo	TRUE	3
2002	001002	0010	2	Demo	TRUE	3
2002	006802	0068	5	Demo	TRUE	2
2002	011502	0115	6	Demo	TRUE	1
2002	007802	0078	5	Demo	TRUE	2
2002	020502	0205	2	Demo	TRUE	2
2002	004402	0044	6	Demo	TRUE	2
2002	005902	0059	7	Demo	TRUE	1
2002	003902	0039	8	Demo	TRUE	1
2002	015902	0159	6	Demo	TRUE	1
2002	011202	0112	3	Demo	TRUE	2
2002	018902	0189	5	Demo	TRUE	2
2002	046102	0461	2	Demo	TRUE	2
2002	000402	0004	5	Demo	TRUE	1
2002	011402	0114	10	Demo	TRUE	1
2002	027002	0270	2	Demo	TRUE	2
2002	046902	0469	2	Demo	TRUE	2
2002	009502	0095	7	Demo	TRUE	4
2002	005302	0053	2	Demo	TRUE	2
2002	012502	0125	5	Demo	TRUE	4
2002	000702	0007	6	Demo	TRUE	1
2003	043103	0431	2	Demo	TRUE	1
2003	001303	0013	7	Demo	TRUE	1
2003	014403	0144	6	Demo	TRUE	3
2003	002603	0026	8	Demo	TRUE	2
2003	007003	0070	6	Demo	TRUE	6
2003	011703	0117	6	Demo	TRUE	2
2003	008703	0087	2	Demo	TRUE	4
2003	007103	0071	2	Demo	TRUE	3
2003	015703	0157	3	Demo	TRUE	1
2003	006303	0063	5	Demo	TRUE	2
2003	000303	0003	6	Demo	TRUE	2
2003	006603	0066	6	Demo	TRUE	1
2003	007603	0076	4	Demo	TRUE	2
2003	015503	0155	3	Demo	NA	2
2003	010303	0103	5	Demo	TRUE	1
2003	024603	0246	2	Demo	TRUE	2
2003	008203	0082	5	Demo	TRUE	4
2003	020403	0204	5	Demo	TRUE	2
2003	011003	0110	7	Demo	TRUE	3
2003	029303	0293	2	Demo	TRUE	1
2003	008103	0081	5	Demo	TRUE	2
2003	008503	0085	3	Demo	TRUE	3
2003	015303	0153	6	Demo	TRUE	1
2003	018603	0186	6	Demo	TRUE	1
2003	006903	0069	5	Demo	TRUE	2
2003	006103	0061	6	Demo	TRUE	2
2003	003203	0032	2	Demo	TRUE	4
2003	001003	0010	4	Demo	TRUE	3
2003	006803	0068	5	Demo	TRUE	2
2003	011503	0115	2	Demo	TRUE	1
2003	007803	0078	5	Demo	TRUE	2
2003	020503	0205	5	Demo	TRUE	2
2003	004403	0044	5	Demo	TRUE	2
2003	005903	0059	7	Demo	TRUE	1
2003	003903	0039	7	Demo	TRUE	1
2003	015903	0159	5	Demo	TRUE	1
2003	011203	0112	6	Demo	TRUE	2
2003	000403	0004	4	Demo	TRUE	1
2003	011403	0114	4	Demo	TRUE	1
2003	027003	0270	2	Demo	TRUE	2
2003	009503	0095	6	Demo	TRUE	4
2003	005303	0053	5	Demo	TRUE	2
2003	012503	0125	3	Demo	TRUE	4
2003	000703	0007	7	Demo	TRUE	1
2004	030404	0304	6	Demo	TRUE	2
2004	001304	0013	7	Demo	TRUE	1
2004	014404	0144	6	Demo	TRUE	3
2004	002604	0026	12	Demo	TRUE	2
2004	007004	0070	5	Demo	TRUE	6
2004	009304	0093	1	Demo	NA	3
2004	029504	0295	3	Demo	TRUE	1
2004	028004	0280	2	Demo	TRUE	1
2004	011704	0117	6	Demo	TRUE	2
2004	007104	0071	2	Demo	TRUE	3
2004	015704	0157	6	Demo	TRUE	1
2004	006304	0063	9	Demo	TRUE	2
2004	000304	0003	6	Demo	TRUE	2
2004	006604	0066	4	Demo	TRUE	1
2004	007604	0076	5	Demo	TRUE	2
2004	015504	0155	2	Demo	NA	2
2004	010304	0103	7	Demo	TRUE	1
2004	008204	0082	3	Demo	TRUE	4
2004	031804	0318	2	Demo	NA	1
2004	011004	0110	7	Demo	TRUE	3
2004	029304	0293	4	Demo	TRUE	1
2004	030304	0303	4	Demo	TRUE	1
2004	008104	0081	5	Demo	TRUE	2
2004	008504	0085	6	Demo	TRUE	3
2004	015304	0153	9	Demo	TRUE	1
2004	018604	0186	7	Demo	TRUE	1
2004	006904	0069	7	Demo	TRUE	2
2004	006104	0061	5	Demo	TRUE	3
2004	030504	0305	3	Demo	TRUE	1
2004	003204	0032	4	Demo	TRUE	4
2004	001004	0010	6	Demo	TRUE	3
2004	006804	0068	4	Demo	TRUE	2
2004	011504	0115	2	Demo	TRUE	1
2004	007804	0078	5	Demo	TRUE	2
2004	022404	0224	2	Demo	TRUE	1
2004	020504	0205	8	Demo	TRUE	2
2004	004404	0044	6	Demo	TRUE	2
2004	005904	0059	11	Demo	TRUE	1
2004	029404	0294	5	Demo	TRUE	1
2004	003904	0039	11	Demo	TRUE	1
2004	015904	0159	6	Demo	TRUE	1
2004	011204	0112	8	Demo	TRUE	2
2004	018904	0189	5	Demo	TRUE	2
2004	000404	0004	2	Demo	TRUE	1
2004	011404	0114	7	Demo	TRUE	1
2004	046404	0464	2	Demo	TRUE	1
2004	027004	0270	5	Demo	TRUE	2
2004	009504	0095	6	Demo	TRUE	4
2004	005304	0053	6	Demo	TRUE	2
2004	001804	0018	5	Demo	TRUE	2
2004	012504	0125	7	Demo	TRUE	4
2004	000704	0007	10	Demo	TRUE	1
2005	030405	0304	7	Demo	TRUE	2
2005	001305	0013	7	Demo	TRUE	1
2005	014405	0144	4	Demo	TRUE	3
2005	002605	0026	6	Demo	TRUE	2
2005	007005	0070	2	Demo	TRUE	6
2005	009305	0093	4	Demo	TRUE	3
2005	001405	0014	2	Demo	TRUE	2
2005	029505	0295	8	Demo	TRUE	1
2005	028005	0280	7	Demo	TRUE	1
2005	011705	0117	7	Demo	TRUE	2
2005	007105	0071	4	Demo	TRUE	3
2005	015705	0157	7	Demo	TRUE	1
2005	006305	0063	7	Demo	TRUE	2
2005	006605	0066	2	Demo	TRUE	1
2005	007605	0076	6	Demo	TRUE	2
2005	015505	0155	3	Demo	NA	2
2005	010305	0103	5	Demo	TRUE	2
2005	008205	0082	5	Demo	TRUE	4
2005	031805	0318	5	Demo	TRUE	1
2005	011005	0110	9	Demo	TRUE	3
2005	030305	0303	5	Demo	TRUE	1
2005	008105	0081	7	Demo	TRUE	2
2005	008505	0085	6	Demo	TRUE	3
2005	015305	0153	6	Demo	TRUE	1
2005	018605	0186	8	Demo	TRUE	1
2005	006905	0069	6	Demo	TRUE	2
2005	006105	0061	4	Demo	TRUE	3
2005	030505	0305	5	Demo	TRUE	1
2005	003205	0032	4	Demo	TRUE	4
2005	001005	0010	5	Demo	TRUE	3
2005	006805	0068	6	Demo	TRUE	2
2005	026605	0266	4	Demo	TRUE	2
2005	022405	0224	5	Demo	TRUE	1
2005	020505	0205	4	Demo	TRUE	2
2005	004405	0044	6	Demo	TRUE	2
2005	005905	0059	8	Demo	TRUE	1
2005	029405	0294	7	Demo	TRUE	1
2005	003905	0039	8	Demo	TRUE	1
2005	015905	0159	9	Demo	TRUE	1
2005	032905	0329	2	Demo	TRUE	1
2005	011205	0112	6	Demo	TRUE	2
2005	018905	0189	8	Demo	TRUE	2
2005	011405	0114	6	Demo	TRUE	1
2005	027005	0270	6	Demo	TRUE	2
2005	031205	0312	6	Demo	TRUE	1
2005	009505	0095	5	Demo	TRUE	4
2005	005305	0053	6	Demo	TRUE	2
2005	001805	0018	3	Demo	TRUE	2
2005	003305	0033	5	Demo	TRUE	1
2005	012505	0125	11	Demo	TRUE	4
2005	000705	0007	8	Demo	TRUE	1
2006	030406	0304	10	Demo	TRUE	2
2006	001306	0013	2	Demo	TRUE	1
2006	014406	0144	10	Demo	TRUE	3
2006	033106	0331	6	Demo	TRUE	1
2006	002606	0026	5	Demo	TRUE	2
2006	007006	0070	6	Demo	TRUE	6
2006	009306	0093	6	Demo	TRUE	3
2006	033006	0330	5	Demo	TRUE	1
2006	035006	0350	2	Demo	TRUE	1
2006	001406	0014	5	Demo	TRUE	2
2006	029506	0295	5	Demo	TRUE	1
2006	028006	0280	4	Demo	TRUE	1
2006	011706	0117	7	Demo	TRUE	2
2006	007106	0071	5	Demo	TRUE	3
2006	015706	0157	8	Demo	TRUE	1
2006	006306	0063	7	Demo	TRUE	2
2006	006606	0066	4	Demo	TRUE	1
2006	007606	0076	5	Demo	TRUE	2
2006	015506	0155	4	Demo	NA	2
2006	010306	0103	5	Demo	TRUE	2
2006	008206	0082	4	Demo	TRUE	4
2006	031806	0318	7	Demo	TRUE	1
2006	011006	0110	6	Demo	TRUE	3
2006	030306	0303	8	Demo	TRUE	1
2006	008106	0081	6	Demo	TRUE	2
2006	008506	0085	7	Demo	TRUE	3
2006	007706	0077	2	Demo	TRUE	3
2006	015306	0153	4	Demo	TRUE	1
2006	018606	0186	8	Demo	TRUE	1
2006	005506	0055	3	Demo	TRUE	3
2006	032806	0328	5	Demo	TRUE	1
2006	006906	0069	2	Demo	TRUE	2
2006	006106	0061	6	Demo	TRUE	3
2006	045306	0453	2	Demo	TRUE	1
2006	030506	0305	5	Demo	TRUE	1
2006	003206	0032	4	Demo	TRUE	4
2006	032206	0322	6	Demo	TRUE	1
2006	001006	0010	6	Demo	TRUE	3
2006	006806	0068	8	Demo	TRUE	2
2006	028306	0283	3	Demo	TRUE	1
2006	026606	0266	3	Demo	TRUE	2
2006	022406	0224	8	Demo	TRUE	1
2006	032606	0326	4	Demo	TRUE	1
2006	020506	0205	6	Demo	TRUE	2
2006	004406	0044	5	Demo	TRUE	2
2006	005906	0059	7	Demo	TRUE	1
2006	029406	0294	8	Demo	TRUE	1
2006	003906	0039	6	Demo	TRUE	1
2006	015906	0159	4	Demo	TRUE	1
2006	032906	0329	4	Demo	TRUE	1
2006	011206	0112	8	Demo	TRUE	2
2006	018906	0189	6	Demo	TRUE	2
2006	046206	0462	2	Demo	TRUE	1
2006	027006	0270	6	Demo	TRUE	2
2006	031206	0312	4	Demo	TRUE	1
2006	009506	0095	8	Demo	TRUE	4
2006	034806	0348	2	Demo	TRUE	1
2006	001806	0018	6	Demo	TRUE	2
2006	003306	0033	5	Demo	TRUE	1
2006	012506	0125	9	Demo	TRUE	4
2006	000706	0007	7	Demo	TRUE	1
2007	030407	0304	7	Demo	TRUE	2
2007	001307	0013	6	Demo	TRUE	1
2007	014407	0144	5	Demo	TRUE	3
2007	033107	0331	2	Demo	TRUE	1
2007	002607	0026	4	Demo	TRUE	2
2007	007007	0070	5	Demo	TRUE	6
2007	011807	0118	2	Demo	TRUE	2
2007	009307	0093	3	Demo	TRUE	3
2007	033007	0330	4	Demo	TRUE	1
2007	030007	0300	2	Demo	TRUE	1
2007	035007	0350	3	Demo	TRUE	1
2007	001407	0014	5	Demo	TRUE	2
2007	029507	0295	8	Demo	TRUE	1
2007	028007	0280	3	Demo	TRUE	1
2007	011707	0117	5	Demo	TRUE	2
2007	007107	0071	6	Demo	TRUE	3
2007	015707	0157	7	Demo	TRUE	1
2007	006307	0063	8	Demo	TRUE	2
2007	006607	0066	2	Demo	TRUE	1
2007	007607	0076	6	Demo	TRUE	2
2007	036407	0364	2	Demo	TRUE	1
2007	008207	0082	4	Demo	TRUE	4
2007	031807	0318	7	Demo	TRUE	1
2007	011007	0110	7	Demo	TRUE	3
2007	030307	0303	7	Demo	TRUE	1
2007	008107	0081	3	Demo	TRUE	2
2007	008507	0085	5	Demo	TRUE	3
2007	018607	0186	6	Demo	TRUE	1
2007	005507	0055	2	Demo	TRUE	3
2007	032807	0328	4	Demo	TRUE	1
2007	006907	0069	2	Demo	TRUE	2
2007	006107	0061	3	Demo	NA	3
2007	030507	0305	4	Demo	TRUE	1
2007	003207	0032	4	Demo	TRUE	4
2007	032207	0322	4	Demo	TRUE	1
2007	001007	0010	7	Demo	TRUE	3
2007	006807	0068	6	Demo	TRUE	2
2007	028307	0283	4	Demo	TRUE	1
2007	026607	0266	7	Demo	TRUE	2
2007	001707	0017	2	Demo	TRUE	4
2007	022407	0224	7	Demo	TRUE	1
2007	032607	0326	2	Demo	TRUE	1
2007	020507	0205	4	Demo	TRUE	2
2007	004407	0044	7	Demo	TRUE	2
2007	005907	0059	5	Demo	TRUE	1
2007	029407	0294	9	Demo	TRUE	1
2007	003907	0039	6	Demo	TRUE	1
2007	015907	0159	6	Demo	TRUE	1
2007	032907	0329	7	Demo	TRUE	1
2007	033507	0335	5	Demo	TRUE	1
2007	011207	0112	4	Demo	TRUE	2
2007	018907	0189	9	Demo	TRUE	2
2007	046207	0462	2	Demo	TRUE	1
2007	027007	0270	4	Demo	TRUE	2
2007	031207	0312	5	Demo	TRUE	1
2007	009507	0095	4	Demo	TRUE	4
2007	034807	0348	3	Demo	TRUE	1
2007	001807	0018	4	Demo	TRUE	2
2007	003307	0033	4	Demo	TRUE	1
2007	012507	0125	6	Demo	TRUE	4
2007	000707	0007	5	Demo	TRUE	1
2008	036308	0363	2	Demo	TRUE	1
2008	030408	0304	8	Demo	TRUE	2
2008	001308	0013	6	Demo	TRUE	1
2008	014408	0144	6	Demo	TRUE	3
2008	033108	0331	6	Demo	TRUE	1
2008	002608	0026	5	Demo	TRUE	2
2008	007008	0070	6	Demo	TRUE	6
2008	011808	0118	4	Demo	TRUE	2
2008	009308	0093	4	Demo	TRUE	3
2008	002208	0022	2	Demo	TRUE	3
2008	033008	0330	5	Demo	TRUE	1
2008	030008	0300	4	Demo	TRUE	1
2008	035008	0350	6	Demo	TRUE	1
2008	001408	0014	5	Demo	TRUE	2
2008	034108	0341	5	Demo	TRUE	1
2008	029508	0295	7	Demo	TRUE	1
2008	028008	0280	1	Demo	TRUE	1
2008	011708	0117	4	Demo	TRUE	2
2008	007108	0071	6	Demo	TRUE	3
2008	005708	0057	2	Demo	TRUE	3
2008	015708	0157	5	Demo	TRUE	1
2008	006308	0063	5	Demo	TRUE	2
2008	006608	0066	5	Demo	TRUE	1
2008	007608	0076	7	Demo	TRUE	2
2008	036408	0364	2	Demo	NA	2
2008	015508	0155	2	Demo	NA	2
2008	035908	0359	2	Demo	TRUE	1
2008	008208	0082	2	Demo	TRUE	4
2008	031808	0318	5	Demo	TRUE	1
2008	011008	0110	7	Demo	TRUE	3
2008	030308	0303	5	Demo	TRUE	1
2008	008108	0081	5	Demo	TRUE	2
2008	008508	0085	3	Demo	TRUE	3
2008	029708	0297	6	Demo	TRUE	1
2008	018608	0186	4	Demo	TRUE	1
2008	028108	0281	2	Demo	TRUE	1
2008	005508	0055	6	Demo	TRUE	3
2008	032808	0328	4	Demo	TRUE	1
2008	006108	0061	6	Demo	TRUE	3
2008	030508	0305	7	Demo	TRUE	1
2008	003208	0032	3	Demo	TRUE	4
2008	032208	0322	5	Demo	TRUE	1
2008	001008	0010	7	Demo	TRUE	3
2008	006808	0068	6	Demo	TRUE	2
2008	024908	0249	4	Demo	TRUE	2
2008	028308	0283	2	Demo	TRUE	1
2008	026608	0266	9	Demo	TRUE	2
2008	022408	0224	5	Demo	TRUE	1
2008	032608	0326	5	Demo	TRUE	1
2008	020508	0205	7	Demo	TRUE	2
2008	005908	0059	6	Demo	TRUE	1
2008	045908	0459	3	Demo	TRUE	1
2008	029408	0294	6	Demo	TRUE	1
2008	003908	0039	2	Demo	TRUE	1
2008	015908	0159	2	Demo	TRUE	1
2008	034008	0340	5	Demo	TRUE	1
2008	032908	0329	8	Demo	TRUE	1
2008	011208	0112	9	Demo	TRUE	2
2008	018908	0189	7	Demo	TRUE	2
2008	027008	0270	5	Demo	TRUE	2
2008	031208	0312	2	Demo	TRUE	1
2008	034808	0348	5	Demo	TRUE	1
2008	001808	0018	4	Demo	TRUE	2
2008	003308	0033	5	Demo	TRUE	1
2008	012508	0125	6	Demo	TRUE	4
2008	035808	0358	2	Demo	TRUE	1
2008	000708	0007	7	Demo	TRUE	1
2009	036309	0363	3	Demo	NA	1
2009	030409	0304	5	Demo	TRUE	2
2009	001309	0013	4	Demo	TRUE	1
2009	002609	0026	5	Demo	TRUE	2
2009	007009	0070	4	Demo	TRUE	6
2009	011809	0118	3	Demo	TRUE	2
2009	009309	0093	3	Demo	TRUE	3
2009	037309	0373	2	Demo	TRUE	1
2009	033009	0330	3	Demo	TRUE	1
2009	030009	0300	6	Demo	TRUE	1
2009	035009	0350	4	Demo	TRUE	1
2009	001409	0014	4	Demo	TRUE	2
2009	029509	0295	6	Demo	TRUE	1
2009	007109	0071	8	Demo	TRUE	3
2009	005709	0057	2	Demo	TRUE	3
2009	015709	0157	5	Demo	TRUE	1
2009	006309	0063	6	Demo	TRUE	2
2009	006609	0066	2	Demo	TRUE	1
2009	007609	0076	5	Demo	TRUE	2
2009	036409	0364	3	Demo	NA	2
2009	035909	0359	5	Demo	TRUE	1
2009	031809	0318	7	Demo	TRUE	1
2009	011009	0110	8	Demo	TRUE	3
2009	030309	0303	2	Demo	TRUE	1
2009	008109	0081	4	Demo	TRUE	2
2009	029709	0297	4	Demo	TRUE	1
2009	018609	0186	7	Demo	TRUE	1
2009	028109	0281	3	Demo	TRUE	1
2009	005509	0055	6	Demo	TRUE	3
2009	006109	0061	5	Demo	TRUE	3
2009	030509	0305	3	Demo	TRUE	1
2009	003209	0032	2	Demo	TRUE	4
2009	032209	0322	7	Demo	TRUE	1
2009	001009	0010	8	Demo	TRUE	3
2009	006809	0068	4	Demo	TRUE	2
2009	024909	0249	2	Demo	TRUE	2
2009	028309	0283	5	Demo	TRUE	1
2009	026609	0266	6	Demo	TRUE	2
2009	001709	0017	2	Demo	TRUE	5
2009	022409	0224	7	Demo	TRUE	1
2009	032609	0326	5	Demo	TRUE	1
2009	020509	0205	8	Demo	TRUE	2
2009	005909	0059	2	Demo	TRUE	1
2009	029409	0294	3	Demo	TRUE	1
2009	003909	0039	4	Demo	TRUE	1
2009	015909	0159	4	Demo	TRUE	1
2009	034009	0340	5	Demo	TRUE	1
2009	032909	0329	8	Demo	TRUE	1
2009	011209	0112	4	Demo	TRUE	2
2009	027009	0270	2	Demo	TRUE	2
2009	031209	0312	3	Demo	TRUE	1
2009	034809	0348	4	Demo	TRUE	1
2009	001809	0018	3	Demo	TRUE	2
2009	003309	0033	6	Demo	TRUE	1
2009	035809	0358	6	Demo	TRUE	1
2010	036310	0363	8	Demo	TRUE	1
2010	030410	0304	9	Demo	TRUE	2
2010	002610	0026	6	Demo	TRUE	2
2010	007010	0070	7	Demo	TRUE	6
2010	011810	0118	3	Demo	TRUE	2
2010	009310	0093	4	Demo	TRUE	3
2010	002210	0022	2	Demo	TRUE	4
2010	037310	0373	2	Demo	TRUE	1
2010	033010	0330	4	Demo	TRUE	1
2010	030010	0300	9	Demo	TRUE	1
2010	035010	0350	2	Demo	TRUE	1
2010	001410	0014	5	Demo	TRUE	2
2010	029510	0295	5	Demo	TRUE	1
2010	028010	0280	6	Demo	TRUE	1
2010	007110	0071	6	Demo	TRUE	3
2010	005710	0057	2	Demo	TRUE	3
2010	015710	0157	6	Demo	TRUE	1
2010	006310	0063	7	Demo	TRUE	2
2010	006610	0066	4	Demo	TRUE	1
2010	007610	0076	6	Demo	TRUE	2
2010	028210	0282	2	Demo	TRUE	1
2010	036410	0364	6	Demo	TRUE	2
2010	015510	0155	2	Demo	TRUE	2
2010	035910	0359	2	Demo	TRUE	2
2010	008210	0082	2	Demo	TRUE	5
2010	031810	0318	8	Demo	TRUE	1
2010	011010	0110	6	Demo	TRUE	3
2010	008110	0081	5	Demo	TRUE	2
2010	029710	0297	4	Demo	TRUE	1
2010	018610	0186	9	Demo	TRUE	1
2010	028110	0281	6	Demo	TRUE	1
2010	005510	0055	7	Demo	TRUE	3
2010	006110	0061	4	Demo	TRUE	3
2010	030510	0305	6	Demo	TRUE	1
2010	003210	0032	4	Demo	TRUE	4
2010	032210	0322	7	Demo	TRUE	1
2010	001010	0010	8	Demo	TRUE	3
2010	006810	0068	2	Demo	TRUE	2
2010	024910	0249	2	Demo	TRUE	3
2010	028310	0283	3	Demo	TRUE	1
2010	026610	0266	7	Demo	TRUE	2
2010	001710	0017	2	Demo	TRUE	5
2010	022410	0224	6	Demo	TRUE	1
2010	032610	0326	6	Demo	TRUE	1
2010	020510	0205	6	Demo	TRUE	2
2010	005910	0059	2	Demo	TRUE	1
2010	037210	0372	2	Demo	TRUE	1
2010	003910	0039	5	Demo	TRUE	1
2010	015910	0159	8	Demo	TRUE	1
2010	034010	0340	5	Demo	TRUE	1
2010	032910	0329	2	Demo	NA	1
2010	011210	0112	6	Demo	TRUE	2
2010	036510	0365	4	Demo	TRUE	1
2010	027010	0270	5	Demo	TRUE	2
2010	031210	0312	2	Demo	TRUE	1
2010	034810	0348	2	Demo	TRUE	1
2010	001810	0018	4	Demo	TRUE	2
2010	003310	0033	8	Demo	TRUE	1
2010	035810	0358	3	Demo	TRUE	1
2011	036311	0363	7	Demo	TRUE	1
2011	030411	0304	8	Demo	TRUE	2
2011	038411	0384	4	Demo	TRUE	1
2011	002611	0026	8	Demo	TRUE	2
2011	038311	0383	4	Demo	TRUE	1
2011	007011	0070	13	Demo	TRUE	6
2011	011811	0118	5	Demo	TRUE	2
2011	009311	0093	6	Demo	TRUE	3
2011	002211	0022	4	Demo	TRUE	4
2011	037311	0373	5	Demo	TRUE	1
2011	033011	0330	7	Demo	TRUE	1
2011	030011	0300	7	Demo	TRUE	1
2011	029911	0299	2	Demo	TRUE	1
2011	035011	0350	4	Demo	TRUE	1
2011	001411	0014	6	Demo	TRUE	2
2011	034111	0341	2	Demo	TRUE	2
2011	029511	0295	8	Demo	TRUE	1
2011	028011	0280	8	Demo	TRUE	1
2011	007111	0071	7	Demo	TRUE	3
2011	005711	0057	2	Demo	TRUE	3
2011	015711	0157	8	Demo	TRUE	1
2011	006311	0063	5	Demo	TRUE	2
2011	007611	0076	8	Demo	TRUE	2
2011	028211	0282	2	Demo	TRUE	2
2011	036411	0364	6	Demo	TRUE	2
2011	015511	0155	3	Demo	TRUE	2
2011	035911	0359	6	Demo	TRUE	2
2011	008211	0082	4	Demo	TRUE	5
2011	031811	0318	12	Demo	TRUE	1
2011	011011	0110	8	Demo	TRUE	3
2011	008111	0081	7	Demo	TRUE	2
2011	008511	0085	2	Demo	TRUE	4
2011	029711	0297	2	Demo	TRUE	1
2011	005511	0055	8	Demo	TRUE	3
2011	006111	0061	9	Demo	TRUE	3
2011	030511	0305	10	Demo	TRUE	1
2011	012711	0127	5	Demo	TRUE	4
2011	003211	0032	10	Demo	TRUE	4
2011	032211	0322	6	Demo	TRUE	1
2011	001011	0010	6	Demo	TRUE	3
2011	006811	0068	6	Demo	TRUE	2
2011	024911	0249	6	Demo	TRUE	3
2011	028311	0283	4	Demo	TRUE	2
2011	038611	0386	3	Demo	TRUE	1
2011	026611	0266	4	Demo	TRUE	2
2011	001711	0017	6	Demo	TRUE	5
2011	022411	0224	8	Demo	TRUE	1
2011	038511	0385	3	Demo	NA	1
2011	032611	0326	5	Demo	TRUE	1
2011	020511	0205	8	Demo	TRUE	2
2011	005911	0059	2	Demo	TRUE	2
2011	037211	0372	5	Demo	TRUE	1
2011	003911	0039	5	Demo	TRUE	1
2011	015911	0159	6	Demo	TRUE	1
2011	034011	0340	9	Demo	TRUE	1
2011	032911	0329	1	Demo	NA	2
2011	011211	0112	7	Demo	TRUE	2
2011	036511	0365	6	Demo	TRUE	1
2011	027011	0270	3	Demo	TRUE	2
2011	031211	0312	2	Demo	TRUE	1
2011	034811	0348	5	Demo	TRUE	1
2011	003311	0033	7	Demo	TRUE	1
2011	035811	0358	2	Demo	TRUE	1
2012	036312	0363	3	Demo	TRUE	1
2012	030412	0304	4	Demo	TRUE	2
2012	002612	0026	6	Demo	TRUE	2
2012	038312	0383	4	Demo	TRUE	1
2012	007012	0070	4	Demo	TRUE	6
2012	011812	0118	2	Demo	TRUE	2
2012	009312	0093	2	Demo	TRUE	3
2012	002212	0022	5	Demo	TRUE	4
2012	037312	0373	6	Demo	TRUE	1
2012	033012	0330	3	Demo	TRUE	1
2012	030012	0300	4	Demo	TRUE	1
2012	029912	0299	6	Demo	TRUE	2
2012	027912	0279	5	Demo	TRUE	1
2012	035012	0350	5	Demo	TRUE	1
2012	001412	0014	2	Demo	TRUE	2
2012	034112	0341	2	Demo	TRUE	2
2012	029512	0295	7	Demo	TRUE	1
2012	028012	0280	4	Demo	TRUE	1
2012	007112	0071	6	Demo	TRUE	3
2012	005712	0057	2	Demo	TRUE	3
2012	015712	0157	7	Demo	TRUE	1
2012	006312	0063	5	Demo	TRUE	2
2012	007612	0076	4	Demo	TRUE	2
2012	028212	0282	2	Demo	TRUE	2
2012	036412	0364	3	Demo	TRUE	2
2012	015512	0155	3	Demo	TRUE	2
2012	035912	0359	4	Demo	TRUE	2
2012	008212	0082	2	Demo	TRUE	5
2012	031812	0318	3	Demo	TRUE	1
2012	011012	0110	3	Demo	TRUE	3
2012	008112	0081	8	Demo	TRUE	2
2012	029712	0297	2	Demo	TRUE	1
2012	015312	0153	2	Demo	NA	2
2012	028112	0281	2	Demo	NA	2
2012	005512	0055	7	Demo	TRUE	3
2012	006112	0061	5	Demo	TRUE	3
2012	030512	0305	2	Demo	TRUE	1
2012	012712	0127	4	Demo	TRUE	4
2012	003212	0032	3	Demo	TRUE	4
2012	032212	0322	2	Demo	TRUE	1
2012	001012	0010	4	Demo	TRUE	3
2012	006812	0068	1	Demo	TRUE	3
2012	024912	0249	4	Demo	TRUE	3
2012	028312	0283	5	Demo	TRUE	2
2012	038612	0386	2	Demo	NA	1
2012	026612	0266	3	Demo	TRUE	2
2012	001712	0017	5	Demo	TRUE	5
2012	022412	0224	5	Demo	TRUE	1
2012	038512	0385	2	Demo	TRUE	1
2012	032612	0326	2	Demo	TRUE	1
2012	020512	0205	6	Demo	TRUE	2
2012	005912	0059	2	Demo	FALSE	2
2012	037212	0372	2	Demo	TRUE	2
2012	003912	0039	7	Demo	TRUE	1
2012	015912	0159	3	Demo	TRUE	1
2012	011212	0112	4	Demo	TRUE	2
2012	036512	0365	3	Demo	TRUE	1
2012	027012	0270	3	Demo	TRUE	2
2012	031212	0312	2	Demo	TRUE	1
2012	034812	0348	1	Demo	TRUE	1
2012	003312	0033	6	Demo	TRUE	1
2012	035812	0358	4	Demo	TRUE	1
2013	036313	0363	6	Demo	TRUE	1
2013	030413	0304	6	Demo	TRUE	2
2013	040513	0405	2	Demo	TRUE	1
2013	002613	0026	6	Demo	TRUE	2
2013	038313	0383	2	Demo	TRUE	1
2013	029613	0296	5	Demo	TRUE	1
2013	007013	0070	5	Demo	TRUE	6
2013	011813	0118	3	Demo	TRUE	2
2013	009313	0093	5	Demo	TRUE	4
2013	002213	0022	4	Demo	TRUE	4
2013	037313	0373	5	Demo	TRUE	1
2013	033013	0330	5	Demo	TRUE	1
2013	030013	0300	8	Demo	TRUE	1
2013	029913	0299	4	Demo	TRUE	2
2013	027913	0279	6	Demo	TRUE	1
2013	035013	0350	5	Demo	TRUE	1
2013	001413	0014	3	Demo	TRUE	2
2013	034113	0341	2	Demo	TRUE	2
2013	029513	0295	3	Demo	TRUE	2
2013	028013	0280	6	Demo	TRUE	1
2013	007113	0071	5	Demo	TRUE	3
2013	005713	0057	2	Demo	TRUE	3
2013	015713	0157	2	Demo	TRUE	1
2013	006313	0063	6	Demo	TRUE	2
2013	006613	0066	2	Demo	TRUE	2
2013	007613	0076	5	Demo	TRUE	2
2013	028213	0282	6	Demo	TRUE	2
2013	036413	0364	2	Demo	TRUE	3
2013	015513	0155	5	Demo	TRUE	2
2013	025213	0252	5	Demo	NA	1
2013	035913	0359	5	Demo	TRUE	2
2013	008213	0082	5	Demo	TRUE	5
2013	011013	0110	2	Demo	TRUE	3
2013	008113	0081	9	Demo	TRUE	2
2013	029713	0297	7	Demo	TRUE	1
2013	015313	0153	3	Demo	TRUE	2
2013	018613	0186	3	Demo	TRUE	2
2013	028113	0281	3	Demo	TRUE	3
2013	005513	0055	7	Demo	TRUE	3
2013	006113	0061	5	Demo	TRUE	3
2013	030513	0305	5	Demo	TRUE	2
2013	012713	0127	6	Demo	TRUE	4
2013	003213	0032	6	Demo	TRUE	4
2013	032213	0322	2	Demo	TRUE	1
2013	001013	0010	6	Demo	TRUE	3
2013	024913	0249	5	Demo	TRUE	3
2013	028313	0283	7	Demo	TRUE	3
2013	038613	0386	6	Demo	TRUE	1
2013	026613	0266	5	Demo	TRUE	2
2013	001713	0017	4	Demo	TRUE	5
2013	022413	0224	5	Demo	TRUE	1
2013	032613	0326	2	Demo	TRUE	1
2013	020513	0205	4	Demo	TRUE	2
2013	005913	0059	2	Demo	FALSE	2
2013	037213	0372	4	Demo	TRUE	2
2013	003913	0039	2	Demo	TRUE	1
2013	015913	0159	2	Demo	TRUE	2
2013	011213	0112	7	Demo	TRUE	2
2013	036513	0365	5	Demo	TRUE	1
2013	027013	0270	5	Demo	TRUE	2
2013	031213	0312	2	Demo	TRUE	1
2013	034813	0348	3	Demo	TRUE	2
2013	005313	0053	3	Demo	TRUE	3
2013	007913	0079	5	Demo	TRUE	3
2013	003313	0033	8	Demo	TRUE	1
2013	035813	0358	2	Demo	TRUE	1
2014	036314	0363	3	Demo	TRUE	1
2014	001314	0013	4	Demo	TRUE	2
2014	040514	0405	2	Demo	TRUE	1
2014	002614	0026	3	Demo	TRUE	2
2014	029614	0296	5	Demo	TRUE	1
2014	007014	0070	6	Demo	TRUE	6
2014	011814	0118	5	Demo	TRUE	2
2014	037314	0373	7	Demo	TRUE	1
2014	033014	0330	6	Demo	TRUE	1
2014	030014	0300	2	Demo	TRUE	1
2014	027914	0279	2	Demo	TRUE	1
2014	035014	0350	7	Demo	TRUE	1
2014	001414	0014	6	Demo	TRUE	2
2014	034114	0341	2	Demo	TRUE	2
2014	029514	0295	2	Demo	TRUE	2
2014	028014	0280	5	Demo	TRUE	1
2014	007114	0071	9	Demo	TRUE	3
2014	005714	0057	2	Demo	TRUE	3
2014	015714	0157	5	Demo	TRUE	1
2014	006314	0063	3	Demo	TRUE	2
2014	000314	0003	4	Demo	TRUE	3
2014	007614	0076	5	Demo	TRUE	3
2014	028214	0282	6	Demo	TRUE	2
2014	036414	0364	2	Demo	TRUE	3
2014	015514	0155	7	Demo	TRUE	2
2014	025214	0252	3	Demo	TRUE	1
2014	035914	0359	7	Demo	TRUE	2
2014	008214	0082	5	Demo	TRUE	5
2014	011014	0110	5	Demo	TRUE	3
2014	008114	0081	7	Demo	TRUE	2
2014	040214	0402	3	Demo	TRUE	1
2014	029714	0297	3	Demo	TRUE	1
2014	015314	0153	6	Demo	TRUE	2
2014	018614	0186	2	Demo	TRUE	2
2014	028114	0281	6	Demo	TRUE	3
2014	005514	0055	5	Demo	TRUE	3
2014	040314	0403	2	Demo	TRUE	1
2014	006114	0061	7	Demo	TRUE	3
2014	030514	0305	5	Demo	TRUE	2
2014	012714	0127	3	Demo	TRUE	4
2014	003214	0032	7	Demo	TRUE	4
2014	001014	0010	5	Demo	TRUE	3
2014	024914	0249	4	Demo	TRUE	3
2014	028314	0283	6	Demo	TRUE	3
2014	026614	0266	7	Demo	TRUE	2
2014	001714	0017	6	Demo	TRUE	5
2014	022414	0224	8	Demo	TRUE	1
2014	020514	0205	6	Demo	TRUE	2
2014	005914	0059	5	Demo	TRUE	2
2014	003914	0039	5	Demo	TRUE	1
2014	015914	0159	2	Demo	TRUE	2
2014	011214	0112	8	Demo	TRUE	2
2014	036514	0365	5	Demo	TRUE	1
2014	018914	0189	6	Demo	TRUE	3
2014	027014	0270	6	Demo	TRUE	2
2014	031214	0312	2	Demo	TRUE	1
2014	005314	0053	4	Demo	TRUE	3
2014	007914	0079	4	Demo	TRUE	3
2014	003314	0033	8	Demo	TRUE	1
2014	035814	0358	4	Demo	TRUE	1
2015	036315	0363	5	Demo	TRUE	1
2015	001315	0013	2	Demo	TRUE	2
2015	040515	0405	2	Demo	TRUE	1
2015	029615	0296	6	Demo	TRUE	1
2015	007015	0070	10	Demo	TRUE	6
2015	011815	0118	3	Demo	TRUE	2
2015	009315	0093	5	Demo	TRUE	5
2015	037315	0373	4	Demo	TRUE	1
2015	033015	0330	6	Demo	TRUE	1
2015	030015	0300	7	Demo	TRUE	1
2015	027915	0279	7	Demo	TRUE	1
2015	035015	0350	2	Demo	TRUE	1
2015	001415	0014	6	Demo	TRUE	2
2015	034115	0341	5	Demo	TRUE	2
2015	052015	0520	2	Demo	TRUE	1
2015	029515	0295	3	Demo	TRUE	2
2015	028015	0280	3	Demo	TRUE	1
2015	007115	0071	2	Demo	TRUE	3
2015	005715	0057	2	Demo	TRUE	3
2015	015715	0157	3	Demo	TRUE	1
2015	006315	0063	4	Demo	TRUE	2
2015	000315	0003	7	Demo	TRUE	3
2015	007615	0076	3	Demo	TRUE	3
2015	028215	0282	6	Demo	TRUE	2
2015	036415	0364	2	Demo	TRUE	3
2015	015515	0155	5	Demo	TRUE	2
2015	025215	0252	2	Demo	TRUE	1
2015	035915	0359	4	Demo	TRUE	2
2015	008215	0082	4	Demo	TRUE	5
2015	011115	0111	3	Demo	TRUE	3
2015	011015	0110	7	Demo	TRUE	3
2015	008115	0081	7	Demo	TRUE	2
2015	040215	0402	5	Demo	TRUE	1
2015	029715	0297	5	Demo	TRUE	1
2015	015315	0153	5	Demo	TRUE	2
2015	028115	0281	5	Demo	TRUE	3
2015	005515	0055	5	Demo	TRUE	3
2015	040315	0403	4	Demo	TRUE	1
2015	006115	0061	8	Demo	TRUE	3
2015	030515	0305	8	Demo	TRUE	2
2015	012715	0127	7	Demo	TRUE	4
2015	001015	0010	5	Demo	TRUE	3
2015	024915	0249	4	Demo	TRUE	3
2015	026615	0266	5	Demo	TRUE	2
2015	001715	0017	8	Demo	TRUE	5
2015	022415	0224	6	Demo	TRUE	1
2015	020515	0205	4	Demo	TRUE	2
2015	005915	0059	7	Demo	TRUE	2
2015	003915	0039	4	Demo	TRUE	1
2015	015915	0159	2	Demo	TRUE	2
2015	011215	0112	8	Demo	TRUE	2
2015	036515	0365	3	Demo	TRUE	1
2015	018915	0189	3	Demo	TRUE	3
2015	014315	0143	5	Demo	TRUE	4
2015	027015	0270	3	Demo	TRUE	3
2015	005315	0053	6	Demo	TRUE	3
2015	007915	0079	6	Demo	TRUE	3
2015	003315	0033	7	Demo	TRUE	1
2015	035815	0358	2	Demo	TRUE	1
2016	036316	0363	6	Demo	TRUE	1
2016	001316	0013	5	Demo	TRUE	2
2016	040516	0405	6	Demo	TRUE	1
2016	029616	0296	6	Demo	TRUE	1
2016	007016	0070	3	Demo	TRUE	6
2016	011816	0118	4	Demo	TRUE	2
2016	009316	0093	7	Demo	TRUE	5
2016	037316	0373	3	Demo	TRUE	1
2016	033016	0330	5	Demo	TRUE	1
2016	030016	0300	10	Demo	TRUE	1
2016	027916	0279	5	Demo	TRUE	1
2016	035016	0350	6	Demo	TRUE	1
2016	001416	0014	5	Demo	TRUE	2
2016	034116	0341	3	Demo	TRUE	2
2016	029516	0295	5	Demo	TRUE	2
2016	028016	0280	2	Demo	TRUE	1
2016	007116	0071	3	Demo	TRUE	4
2016	005716	0057	7	Demo	TRUE	3
2016	015716	0157	2	Demo	TRUE	1
2016	006316	0063	4	Demo	TRUE	2
2016	000316	0003	5	Demo	TRUE	3
2016	007616	0076	6	Demo	TRUE	3
2016	028216	0282	9	Demo	TRUE	2
2016	036416	0364	5	Demo	TRUE	3
2016	015516	0155	6	Demo	TRUE	2
2016	025216	0252	5	Demo	TRUE	1
2016	035916	0359	2	Demo	TRUE	2
2016	008216	0082	6	Demo	TRUE	5
2016	011116	0111	5	Demo	TRUE	4
2016	011016	0110	7	Demo	TRUE	3
2016	008116	0081	5	Demo	TRUE	2
2016	029716	0297	3	Demo	TRUE	1
2016	015316	0153	6	Demo	TRUE	2
2016	028116	0281	6	Demo	TRUE	4
2016	005516	0055	5	Demo	TRUE	3
2016	040316	0403	6	Demo	TRUE	1
2016	006116	0061	6	Demo	TRUE	3
2016	030516	0305	5	Demo	TRUE	2
2016	012716	0127	5	Demo	TRUE	4
2016	007516	0075	4	Demo	TRUE	3
2016	001016	0010	7	Demo	TRUE	3
2016	024916	0249	8	Demo	TRUE	3
2016	026616	0266	5	Demo	TRUE	2
2016	001716	0017	6	Demo	TRUE	5
2016	022416	0224	6	Demo	TRUE	1
2016	020516	0205	2	Demo	TRUE	2
2016	004416	0044	5	Demo	TRUE	3
2016	005916	0059	7	Demo	TRUE	2
2016	003916	0039	5	Demo	TRUE	1
2016	011216	0112	9	Demo	TRUE	2
2016	036516	0365	6	Demo	TRUE	1
2016	018916	0189	4	Demo	TRUE	4
2016	011416	0114	2	Demo	TRUE	2
2016	027016	0270	4	Demo	TRUE	3
2016	031216	0312	2	Demo	TRUE	1
2016	005316	0053	5	Demo	TRUE	3
2016	007916	0079	4	Demo	TRUE	3
2016	003316	0033	9	Demo	TRUE	1
2017	036317	0363	6	Demo	TRUE	1
2017	001317	0013	7	Demo	TRUE	2
2017	040517	0405	6	Demo	TRUE	1
2017	029617	0296	8	Demo	TRUE	1
2017	007017	0070	5	Demo	TRUE	6
2017	011817	0118	3	Demo	TRUE	2
2017	009317	0093	6	Demo	TRUE	5
2017	002217	0022	2	Demo	TRUE	5
2017	037317	0373	6	Demo	TRUE	1
2017	033017	0330	7	Demo	TRUE	1
2017	030017	0300	5	Demo	TRUE	1
2017	027917	0279	4	Demo	TRUE	1
2017	035017	0350	4	Demo	TRUE	1
2017	040717	0407	4	Demo	TRUE	1
2017	001417	0014	4	Demo	TRUE	2
2017	034117	0341	2	Demo	TRUE	2
2017	029517	0295	6	Demo	TRUE	2
2017	028017	0280	2	Demo	NA	1
2017	007117	0071	5	Demo	TRUE	4
2017	015717	0157	2	Demo	TRUE	1
2017	006317	0063	4	Demo	TRUE	2
2017	000317	0003	10	Demo	TRUE	3
2017	007617	0076	7	Demo	TRUE	3
2017	028217	0282	4	Demo	TRUE	2
2017	036417	0364	5	Demo	TRUE	3
2017	015517	0155	5	Demo	TRUE	2
2017	025217	0252	7	Demo	TRUE	1
2017	035917	0359	5	Demo	TRUE	2
2017	008217	0082	3	Demo	TRUE	5
2017	011117	0111	6	Demo	FALSE	4
2017	011017	0110	7	Demo	TRUE	3
2017	029717	0297	6	Demo	TRUE	1
2017	015317	0153	7	Demo	TRUE	2
2017	028117	0281	4	Demo	TRUE	4
2017	005517	0055	4	Demo	TRUE	4
2017	040317	0403	3	Demo	TRUE	1
2017	006117	0061	5	Demo	TRUE	3
2017	030517	0305	3	Demo	TRUE	2
2017	012717	0127	2	Demo	TRUE	4
2017	007517	0075	5	Demo	TRUE	3
2017	040617	0406	6	Demo	TRUE	1
2017	001017	0010	12	Demo	TRUE	3
2017	024917	0249	7	Demo	TRUE	3
2017	028317	0283	2	Demo	TRUE	3
2017	026617	0266	2	Demo	TRUE	2
2017	001717	0017	5	Demo	TRUE	5
2017	022417	0224	4	Demo	TRUE	1
2017	004417	0044	4	Demo	TRUE	3
2017	003917	0039	2	Demo	TRUE	2
2017	041217	0412	2	Demo	TRUE	1
2017	011217	0112	8	Demo	TRUE	2
2017	018917	0189	5	Demo	TRUE	4
2017	011417	0114	7	Demo	TRUE	2
2017	027017	0270	2	Demo	TRUE	3
2017	005317	0053	5	Demo	TRUE	3
2017	007917	0079	10	Demo	TRUE	3
2017	003317	0033	7	Demo	TRUE	1
2018	001318	0013	6	Demo	TRUE	2
2018	040518	0405	4	Demo	TRUE	1
2018	007018	0070	8	Demo	TRUE	6
2018	011818	0118	3	Demo	TRUE	2
2018	009318	0093	4	Demo	TRUE	5
2018	030018	0300	2	Demo	TRUE	1
2018	027918	0279	6	Demo	TRUE	1
2018	035018	0350	5	Demo	TRUE	1
2018	040718	0407	3	Demo	TRUE	1
2018	034118	0341	4	Demo	TRUE	2
2018	029518	0295	4	Demo	TRUE	2
2018	028018	0280	3	Demo	TRUE	1
2018	007118	0071	3	Demo	TRUE	4
2018	015718	0157	5	Demo	TRUE	1
2018	000318	0003	4	Demo	TRUE	3
2018	007618	0076	6	Demo	TRUE	3
2018	028218	0282	6	Demo	TRUE	2
2018	036418	0364	6	Demo	TRUE	3
2018	025218	0252	6	Demo	TRUE	1
2018	035918	0359	6	Demo	TRUE	2
2018	008218	0082	4	Demo	TRUE	5
2018	011118	0111	2	Demo	FALSE	4
2018	011018	0110	4	Demo	TRUE	3
2018	008118	0081	2	Demo	TRUE	3
2018	029718	0297	6	Demo	TRUE	1
2018	015318	0153	3	Demo	TRUE	2
2018	028118	0281	5	Demo	TRUE	4
2018	005518	0055	5	Demo	TRUE	4
2018	040318	0403	3	Demo	TRUE	1
2018	006118	0061	5	Demo	TRUE	3
2018	012718	0127	4	Demo	TRUE	4
2018	007518	0075	3	Demo	TRUE	3
2018	001018	0010	5	Demo	TRUE	3
2018	024918	0249	7	Demo	TRUE	3
2018	028318	0283	2	Demo	TRUE	4
2018	026618	0266	4	Demo	TRUE	2
2018	022418	0224	3	Demo	TRUE	1
2018	004418	0044	5	Demo	TRUE	3
2018	003918	0039	2	Demo	TRUE	2
2018	011218	0112	2	Demo	TRUE	2
2018	036518	0365	2	Demo	TRUE	2
2018	018918	0189	2	Demo	TRUE	4
2018	011418	0114	2	Demo	TRUE	3
2018	027018	0270	4	Demo	TRUE	3
2018	031218	0312	3	Demo	TRUE	1
2018	005318	0053	6	Demo	TRUE	3
2018	003318	0033	5	Demo	TRUE	1
2019	036319	0363	6	Demo	TRUE	1
2019	030419	0304	2	Demo	TRUE	3
2019	051719	0517	2	Demo	TRUE	1
2019	001319	0013	5	Demo	TRUE	2
2019	014419	0144	5	Demo	TRUE	4
2019	040519	0405	2	Demo	TRUE	1
2019	029619	0296	6	Demo	TRUE	2
2019	007019	0070	9	Demo	TRUE	6
2019	011819	0118	4	Demo	TRUE	2
2019	009319	0093	7	Demo	TRUE	5
2019	002219	0022	2	Demo	TRUE	6
2019	027919	0279	5	Demo	TRUE	1
2019	035019	0350	7	Demo	TRUE	1
2019	040719	0407	6	Demo	TRUE	1
2019	001419	0014	4	Demo	TRUE	2
2019	034119	0341	6	Demo	TRUE	2
2019	013019	0130	2	Demo	TRUE	4
2019	029519	0295	7	Demo	TRUE	2
2019	028019	0280	4	Demo	TRUE	1
2019	007119	0071	4	Demo	TRUE	5
2019	015719	0157	5	Demo	TRUE	1
2019	006319	0063	6	Demo	TRUE	3
2019	000319	0003	2	Demo	TRUE	3
2019	007619	0076	7	Demo	TRUE	3
2019	001519	0015	4	Demo	TRUE	1
2019	028219	0282	8	Demo	TRUE	2
2019	036419	0364	7	Demo	TRUE	3
2019	052419	0524	3	Demo	TRUE	1
2019	025219	0252	8	Demo	TRUE	1
2019	035919	0359	6	Demo	TRUE	2
2019	008219	0082	6	Demo	TRUE	5
2019	011119	0111	2	Demo	TRUE	5
2019	011019	0110	6	Demo	TRUE	3
2019	008119	0081	3	Demo	TRUE	3
2019	029719	0297	7	Demo	TRUE	1
2019	015319	0153	5	Demo	TRUE	2
2019	018619	0186	4	Demo	NA	3
2019	028119	0281	4	Demo	TRUE	4
2019	005519	0055	6	Demo	TRUE	4
2019	040319	0403	4	Demo	TRUE	1
2019	006119	0061	2	Demo	TRUE	3
2019	030519	0305	8	Demo	TRUE	2
2019	012719	0127	3	Demo	TRUE	4
2019	007519	0075	7	Demo	TRUE	3
2019	001019	0010	8	Demo	TRUE	3
2019	024919	0249	7	Demo	TRUE	3
2019	028319	0283	2	Demo	TRUE	5
2019	026619	0266	7	Demo	TRUE	2
2019	001719	0017	6	Demo	TRUE	5
2019	022419	0224	3	Demo	TRUE	1
2019	004419	0044	4	Demo	TRUE	3
2019	005919	0059	4	Demo	TRUE	3
2019	003919	0039	5	Demo	TRUE	2
2019	041219	0412	5	Demo	TRUE	1
2019	011219	0112	6	Demo	TRUE	2
2019	036519	0365	5	Demo	TRUE	2
2019	018919	0189	4	Demo	TRUE	4
2019	011419	0114	5	Demo	TRUE	3
2019	014319	0143	2	Demo	TRUE	5
2019	027019	0270	5	Demo	TRUE	3
2019	031219	0312	6	Demo	TRUE	1
2019	005319	0053	11	Demo	TRUE	3
2019	007919	0079	5	Demo	TRUE	4
2019	003319	0033	8	Demo	TRUE	1
2019	012519	0125	5	Demo	TRUE	5
2020	036320	0363	7	Demo	TRUE	1
2020	001320	0013	8	Demo	TRUE	2
2020	014420	0144	6	Demo	TRUE	4
2020	040520	0405	2	Demo	TRUE	1
2020	029620	0296	5	Demo	TRUE	2
2020	007020	0070	9	Demo	TRUE	6
2020	011820	0118	6	Demo	TRUE	2
2020	009320	0093	5	Demo	TRUE	5
2020	027920	0279	3	Demo	TRUE	1
2020	035020	0350	8	Demo	TRUE	1
2020	001420	0014	4	Demo	TRUE	2
2020	034120	0341	4	Demo	TRUE	2
2020	029520	0295	8	Demo	TRUE	2
2020	028020	0280	5	Demo	TRUE	1
2020	007120	0071	2	Demo	TRUE	5
2020	015720	0157	8	Demo	TRUE	1
2020	006320	0063	3	Demo	TRUE	3
2020	000320	0003	4	Demo	TRUE	3
2020	007620	0076	4	Demo	TRUE	3
2020	001520	0015	9	Demo	TRUE	1
2020	028220	0282	10	Demo	TRUE	2
2020	036420	0364	8	Demo	TRUE	3
2020	052420	0524	2	Demo	TRUE	2
2020	025220	0252	3	Demo	TRUE	1
2020	035920	0359	9	Demo	TRUE	2
2020	008220	0082	7	Demo	TRUE	5
2020	011020	0110	5	Demo	TRUE	3
2020	008120	0081	2	Demo	TRUE	3
2020	029720	0297	7	Demo	TRUE	1
2020	015320	0153	5	Demo	TRUE	2
2020	018620	0186	4	Demo	TRUE	3
2020	005520	0055	7	Demo	TRUE	4
2020	040320	0403	9	Demo	TRUE	1
2020	006120	0061	4	Demo	TRUE	3
2020	030520	0305	4	Demo	TRUE	2
2020	012720	0127	3	Demo	TRUE	4
2020	007520	0075	5	Demo	TRUE	3
2020	001020	0010	5	Demo	TRUE	3
2020	024920	0249	5	Demo	TRUE	3
2020	028320	0283	5	Demo	TRUE	5
2020	026620	0266	2	Demo	TRUE	2
2020	001720	0017	4	Demo	TRUE	5
2020	022420	0224	6	Demo	TRUE	1
2020	004420	0044	3	Demo	TRUE	3
2020	005920	0059	3	Demo	TRUE	3
2020	003920	0039	6	Demo	TRUE	2
2020	041220	0412	6	Demo	TRUE	1
2020	011220	0112	5	Demo	TRUE	2
2020	036520	0365	4	Demo	TRUE	2
2020	011420	0114	3	Demo	FALSE	4
2020	014320	0143	2	Demo	TRUE	5
2020	027020	0270	5	Demo	TRUE	3
2020	031220	0312	7	Demo	TRUE	1
2020	052820	0528	2	Demo	TRUE	1
2020	003320	0033	5	Demo	TRUE	1
2021	036321	0363	6	Demo	TRUE	1
2021	001321	0013	7	Demo	TRUE	2
2021	014421	0144	6	Demo	TRUE	4
2021	051821	0518	2	Demo	TRUE	1
2021	040521	0405	5	Demo	TRUE	1
2021	029621	0296	9	Demo	TRUE	2
2021	007021	0070	9	Demo	TRUE	6
2021	009321	0093	6	Demo	TRUE	5
2021	027921	0279	2	Demo	TRUE	1
2021	035021	0350	6	Demo	TRUE	1
2021	040721	0407	3	Demo	TRUE	1
2021	001421	0014	3	Demo	TRUE	2
2021	034121	0341	4	Demo	TRUE	3
2021	029521	0295	4	Demo	TRUE	2
2021	028021	0280	7	Demo	TRUE	1
2021	007121	0071	3	Demo	TRUE	5
2021	015721	0157	7	Demo	TRUE	1
2021	006321	0063	6	Demo	TRUE	3
2021	000321	0003	3	Demo	TRUE	3
2021	007621	0076	4	Demo	TRUE	3
2021	001521	0015	4	Demo	TRUE	1
2021	028221	0282	5	Demo	TRUE	2
2021	036421	0364	3	Demo	TRUE	4
2021	052421	0524	2	Demo	TRUE	2
2021	025221	0252	5	Demo	TRUE	1
2021	035921	0359	12	Demo	TRUE	2
2021	008221	0082	2	Demo	TRUE	5
2021	011021	0110	10	Demo	TRUE	3
2021	008121	0081	3	Demo	TRUE	4
2021	041621	0416	3	Demo	TRUE	1
2021	029721	0297	5	Demo	TRUE	1
2021	014721	0147	3	Demo	TRUE	4
2021	015321	0153	6	Demo	TRUE	2
2021	041421	0414	5	Demo	TRUE	1
2021	018621	0186	4	Demo	TRUE	3
2021	005521	0055	5	Demo	TRUE	4
2021	040321	0403	7	Demo	TRUE	1
2021	006121	0061	1	Demo	TRUE	3
2021	030521	0305	2	Demo	TRUE	2
2021	007521	0075	7	Demo	TRUE	3
2021	001021	0010	5	Demo	TRUE	3
2021	006821	0068	5	Demo	TRUE	4
2021	024921	0249	7	Demo	TRUE	3
2021	028321	0283	5	Demo	TRUE	6
2021	026621	0266	5	Demo	TRUE	2
2021	001721	0017	4	Demo	TRUE	5
2021	004421	0044	8	Demo	TRUE	3
2021	005921	0059	2	Demo	TRUE	3
2021	003921	0039	7	Demo	TRUE	2
2021	041221	0412	6	Demo	TRUE	1
2021	011221	0112	7	Demo	TRUE	2
2021	036521	0365	6	Demo	TRUE	2
2021	018921	0189	5	Demo	TRUE	5
2021	011421	0114	7	Demo	FALSE	4
2021	014321	0143	3	Demo	TRUE	6
2021	027021	0270	2	Demo	TRUE	3
2021	031221	0312	6	Demo	TRUE	1
2021	052821	0528	2	Demo	TRUE	1
2021	009521	0095	2	Demo	TRUE	5
2021	003321	0033	5	Demo	TRUE	1
2021	053121	0531	3	Demo	TRUE	1
